% P1122 for spherical inclusions
% in transversely isotropic matrix
%----------------------------------
function y=fun_Psph1122(x,C1111,C1122,C1133,C3333,C2323);
y=1./16.*(C1111.*C2323-2.*C1111.*C2323.*x.^2+C1111.*x.^2.*C3333+...
    C1122.*C2323-2.*C1122.*C2323.*x.^2+C1122.*x.^2.*C3333+C1111.*x.^4.*C2323-...
    C1111.*x.^4.*C3333+C1122.*x.^4.*C2323-C1122.*x.^4.*C3333-...
    2.*C2323.^2.*x.^2+2.*C2323.^2.*x.^4-4.*C2323.*x.^2.*C1133+...
    4.*C2323.*x.^4.*C1133-2.*x.^2.*C1133.^2+2.*x.^4.*C1133.^2).*(-1+x.^2)./...
    (-2.*C1111.^2.*x.^4.*C3333+2.*C2323.^2.*x.^6.*C3333-...
    4.*C1111.*C2323.^2.*x.^4-3.*C1111.^2.*C2323.*x.^2+C1111.^2.*x.^2.*C3333+...
    2.*C1111.*C2323.^2.*x.^2-2.*C2323.*x.^4.*C1133.^2-C1111.*C1133.^2.*x.^6+...
    2.*C1111.*C1133.^2.*x.^4+4.*C2323.^2.*x.^6.*C1133-2.*C1122.*C1133.^2.*x.^4+...
    2.*C2323.*x.^6.*C1133.^2+3.*C1111.^2.*x.^4.*C2323+C1122.*C1133.^2.*x.^6-...
    C1111.^2.*x.^6.*C2323+2.*C1111.*x.^6.*C2323.^2+C1111.^2.*x.^6.*C3333-...
    C1111.*C1133.^2.*x.^2-4.*C2323.^2.*x.^4.*C1133+C1122.*C1133.^2.*x.^2+...
    C1111.^2.*C2323-C1122.*C1111.*C2323-C1122.*x.^6.*C1111.*C3333+...
    4.*C1111.*x.^4.*C2323.*C1133-2.*C1111.*x.^2.*C2323.*C1133-...
    4.*C1122.*x.^4.*C2323.*C1133+2.*C1122.*x.^2.*C2323.*C1133+...
    2.*C1122.*x.^6.*C2323.*C1133-2.*C1111.*x.^6.*C2323.*C1133-...
    3.*C1111.*x.^6.*C2323.*C3333+2.*C1122.*C1111.*x.^4.*C3333-...
    C1122.*C2323.*x.^4.*C3333-3.*C1122.*C1111.*x.^4.*C2323-...
    C1122.*C1111.*x.^2.*C3333+3.*C1122.*C1111.*C2323.*x.^2+...
    3.*C1111.*C2323.*x.^4.*C3333+C1122.*x.^6.*C1111.*C2323+...
    C1122.*x.^6.*C2323.*C3333);
